% true parameters 
g = 9.80;    % [m/s^2]
% L = 3.165;   % [H]
% R = 31.68;   % [ohm]
% L = 2.109;   % [H]
% R = 28.205;   % [ohm]
L = 2.071;
R = 28.70;

% measured parameters
m = 4.4e-3;  % [kg]
% l = 70.0e-3; % [m]
% r2= 98.0e-3 / 2; % [m]
l= 0.054112654844784; % [m]
r1 = 0.022879279314134; %[m]
r2 = 0.043681221714046; %[m]
C = 3.712421061610772e+03;
d = 7.299061908545311e+02;

% unknown parameters
% r1= 21.7e-3; % [m]
% mu0 = 4*pi*10e7;
% mu0 mur n S --> C

% sample time
dt = 0.0010; % [s]