function [u,y,mg] = f_data_list()
% u = (4.5:0.1:5.5).';%[unknown unit]
% y = [
%     2.58
%     2.64
%     2.68
%     2.75
%     2.83
%     2.83
%     2.84
%     2.86
%     3.00
%     3.03
%     3.16]*1e-2;%[m]
% mg = 4.0*1e-3;%[N]
u = (4.5:0.1:5.4).';%[unknown unit]
y = [
    2.58
    2.64
    2.68
    2.75
    2.83
    2.83
    2.84
    2.86
    3.00
    3.03]*1e-2;%[m]
mg = 4.0*9.8*1e-3;%[N]
end