% true parameters 
g = 9.80;    % [m/s^2]
% L = 3.165;   % [H]
% R = 31.68;   % [ohm]
% L = 2.109;   % [H]
% R = 28.205;   % [ohm]
L = 2.071;
R = 28.70;

% measured parameters
m = 4.4e-3;  % [kg]
% l = 70.0e-3; % [m]
% r2= 98.0e-3 / 2; % [m]
l= 0.0124093391609391; % [m]
r1 = 0.0301149446804247; %[m]
r2 = 0.0433961460163667; %[m]
C = 14015.3629260551;

% unknown parameters
% r1= 21.7e-3; % [m]
% mu0 = 4*pi*10e7;
% mu0 mur n S --> C

% sample time
dt = 0.0010; % [s]